SubjID	Tar	Risk	AGE	GENDER
f1_1	0	-1.47532864810022	60.1220630549477	1
f1_2	0	-0.636629049493824	60.0229441029236	1
f1_3	0	-0.16429883716073	59.701160775575	0
f1_4	0	-2.24411587917801	59.8571681066774	0
f1_5	0	-0.649122796495955	60.1874751421545	0
f1_6	0	-1.84058900893828	59.6977869835531	0
f1_7	0	0.820321947969273	61.1808574864253	1
f1_8	0	-1.42012607929388	58.76845378772	1
f1_9	0	-1.83282858319599	62.1608864235725	1
f1_10	0	-2.11639444588094	60.8430820173664	0
f2_1	0	-1.15822584512784	60.9403319936498	1
f2_2	0	1.2164208260062	60.7896340636857	0
f2_3	0	-1.45998197190146	60.1154767335811	1
f2_4	0	-0.346506763171633	59.4532297959794	1
f2_5	0	-0.23055262415548	58.2751544277076	1
f2_6	0	0.938412113817773	60.3453958842095	1
f2_7	0	-0.319513583539565	60.2460492506196	1
f2_8	0	-1.14505951330487	60.067106270439	1
f2_9	0	-0.150829014746356	60.0703817823876	0
f2_10	0	-0.163883704454122	61.4987385717919	1
f3_1	0	-0.400317203118737	59.5255945521068	1
f3_2	0	-0.401348256982786	57.4803886674636	0
f3_3	0	-0.602885572946326	59.4271311092144	0
f3_4	0	-1.66986583158642	60.6095539309403	0
f3_5	0	-0.417662313051444	60.0412217205202	1
f3_6	0	-0.545207352880764	60.0616082242456	0
f3_7	0	-1.31069272867102	61.1492947847447	0
f3_8	0	-0.678649622598652	59.6153363558922	0
f3_9	0	-2.31685481693872	59.8986242920838	1
f3_10	0	-2.72405687812239	58.9295822263213	1
f4_1	0	-1.72090841393708	59.7292139129433	1
f4_2	0	-0.506685710474243	60.7723704802486	0
f4_3	0	-1.45556527742665	60.7427264217409	1
f4_4	0	-2.20069098601922	59.4022757852053	1
f4_5	0	-1.69219467695741	58.9282127199243	1
f4_6	0	-1.52510399258535	61.6644769079948	0
f4_7	0	-0.69658405177268	60.1231641282589	0
f4_8	0	-1.0485555007712	60.5510312409798	0
f4_9	0	-1.6666663137414	60.3031718433392	0
f4_10	0	-2.59019564952403	61.3360594598404	0
f5_1	0	-0.45813518628024	60.0011367516392	1
f5_2	0	-3.16765400088193	60.3859515491407	1
f5_3	0	0.559080419139189	60.4536523365019	1
f5_4	0	-1.52446095051456	59.7181869576658	1
f5_5	0	-2.60385226497797	60.3933119281648	0
f5_6	0	-3.07611927559012	60.1298895995212	0
f5_7	0	0.00579834060223372	60.6668945200286	1
f5_8	0	-2.22730654187604	59.2312840954573	0
f5_9	0	-1.44465404159635	60.8754332429477	1
f5_10	0	-2.86810148621677	60.9587992907996	1
f6_1	1	-0.595076090356361	60.1344706328684	1
f6_2	0	-1.61001517164386	60.0224596457015	0
f6_3	0	-2.26918971831846	59.651783697229	0
f6_4	0	-1.60290075838364	59.7762672878905	0
f6_5	1	-0.746577061636819	60.5375402733195	1
f6_6	1	-1.11526029614034	59.358811956376	0
f6_7	0	-1.97956615134059	59.2617538829524	1
f6_8	0	-0.906800560907494	62.0562377349117	1
f6_9	0	-1.70917371729987	59.3031505817127	0
f6_10	0	-0.528951407318035	61.0351057744177	0
f7_1	0	-2.52018063491367	59.5614496089579	0
f7_2	0	-2.75427818151705	59.4409741715354	1
f7_3	0	-1.541261413769	60.0119741824281	0
f7_4	0	-1.13213175615595	59.4576613705679	0
f7_5	0	-2.19005803292384	58.2944177013401	1
f7_6	0	-2.1321737803874	61.4770953444097	0
f7_7	0	-2.41995734695183	60.2934994238864	0
f7_8	0	-2.11283360625485	61.2285783794981	1
f7_9	1	-1.74555937904621	58.7575553000718	1
f7_10	0	-1.93016401832457	60.8352173279898	1
f8_1	0	-2.65213308966055	59.2628174568525	0
f8_2	0	-0.990508275477371	61.5185146574386	0
f8_3	0	-1.48294594155251	60.8180766566224	1
f8_4	0	-0.49414022630215	59.8942992575243	0
f8_5	0	-1.32437830980371	59.3927631646796	0
f8_6	0	-1.86368241168407	61.3953445179903	0
f8_7	0	-0.836753428373429	60.1700909199816	0
f8_8	0	-0.724819316179264	60.6096220395588	0
f8_9	0	-1.67520522623824	60.1446988415164	1
f8_10	0	-1.02139763837259	59.7119834565588	0
f9_1	0	-2.09488766394132	59.2790244401307	1
f9_2	0	-2.10611398169472	60.3183966443959	1
f9_3	0	-1.13077482313943	59.453124828052	0
f9_4	1	0.347091694155846	58.7908401744398	0
f9_5	0	-1.4971395568473	59.2533624068817	0
f9_6	0	-1.86090577314121	57.9025292528159	1
f9_7	0	-1.30004272718671	62.0475161548141	1
f9_8	0	-1.37102356973206	58.7910254653029	0
f9_9	0	-0.540333767781323	61.1876605377071	1
f9_10	0	-0.970821551615033	60.1586209168557	1
f10_1	0	-0.147233804254571	61.0361033038027	1
f10_2	0	-0.0309232074513368	61.2827581731717	1
f10_3	0	-1.81602739598992	58.7788693725952	1
f10_4	0	-0.948034351446478	59.4777603439236	1
f10_5	0	0.183453235862074	59.4065635650347	0
f10_6	0	0.387249111329496	59.9806909885842	1
f10_7	0	-1.41390927237245	60.1712857087163	1
f10_8	0	-0.0507043230493429	59.4172931790596	1
f10_9	1	0.410216028999269	60.8270465282218	0
f10_10	0	-0.643426058440878	59.7936789764543	1
f11_1	0	-0.471480550698041	59.0215920823348	0
f11_2	0	-0.103523163946802	59.3007635347572	0
f11_3	0	-3.20899211932732	58.9026332796635	0
f11_4	0	-2.09680346546512	60.0872905935458	1
f11_5	0	0.170554162762523	60.4302674481301	1
f11_6	0	-0.627713917268908	61.2629552090051	1
f11_7	0	-1.62405602273024	60.1198860870173	0
f11_8	0	-1.65005135481006	60.3276592182369	1
f11_9	0	-0.502787532004204	61.4486472740236	1
f11_10	0	-3.3749855725315	59.2357111032224	0
f12_1	0	-1.54790052175382	60.0415978490967	0
f12_2	0	-2.37545438987067	59.9416834546406	0
f12_3	0	-1.8545169059723	59.8524492824306	0
f12_4	0	-0.761690609248678	60.2949677395261	1
f12_5	0	-1.16966012317632	59.9533831227281	0
f12_6	0	-2.54237201601887	60.4429247304219	1
f12_7	0	-2.04901071406747	59.0260871277236	1
f12_8	0	-1.65487668077406	60.5495542110579	1
f12_9	0	-1.61662463090727	59.5900495961673	0
f12_10	0	-0.933090903788669	59.9184825035511	0
f13_1	0	-1.10599313810145	59.0093606977601	1
f13_2	1	-0.97656876502932	60.4367442932324	0
f13_3	0	-2.69851132463429	60.5151548114529	0
f13_4	0	-1.99286808827852	58.3381430689091	0
f13_5	0	-1.15614621858398	60.0222210955664	0
f13_6	0	-2.55376164185419	58.5460429841741	0
f13_7	0	-2.44092712360035	59.3570325231912	0
f13_8	0	-2.22263320248385	60.7844565312049	0
f13_9	0	-2.00077943531382	59.0549798213991	1
f13_10	0	-2.58805437090983	58.4464240695001	1
f14_1	0	-3.16233825349979	58.9793269574335	0
f14_2	0	-0.630688362425509	60.2867561178028	1
f14_3	1	-0.0915913009231801	61.5928424694458	1
f14_4	1	-0.367719758286331	59.6041874956468	0
f14_5	0	-1.90780089368138	61.8806550068449	0
f14_6	0	-1.86526432551355	59.4215420627917	1
f14_7	0	-2.93393122734228	59.3632951198228	1
f14_8	0	-1.9443822582872	59.7810055845324	0
f14_9	1	-1.37914165860332	60.564129899566	0
f14_10	1	0.010077825469653	59.1328110929307	1
f15_1	0	-1.6513491084369	59.0977233013621	0
f15_2	0	-1.29537128687055	61.7083977612419	0
f15_3	0	-0.186218502236303	58.6286398669021	1
f15_4	0	-0.637806773064483	58.338256375024	1
f15_5	0	-0.206362058266671	59.2351564867978	0
f15_6	0	-1.63475909145468	60.372696621161	0
f15_7	0	0.674859269836727	60.8292284242449	1
f15_8	0	-1.69363046480995	57.5759601634566	1
f15_9	0	-1.75329761427379	60.2985867039624	0
f15_10	0	-0.986526925567347	59.7287110846504	0
f16_1	1	-1.26619587548482	60.7271837856106	1
f16_2	0	-3.42772690722045	60.5252791876238	0
f16_3	0	0.148590595490961	60.3413590602993	1
f16_4	0	-1.84018278699101	59.6672361937329	1
f16_5	0	-3.13824806659749	57.959255588282	0
f16_6	0	-2.8694797796623	59.0891600882568	1
f16_7	0	-1.12868859468395	59.8666315883861	1
f16_8	0	-2.74384226755792	59.404656064458	1
f16_9	0	-1.94162842974287	60.5764130289677	1
f16_10	0	-1.94508573959088	59.8245287397093	1
f17_1	0	-0.619914769787171	59.7600299667092	1
f17_2	0	-2.19724335808916	59.8772014868836	0
f17_3	0	-0.275579969724544	57.6423824459176	0
f17_4	0	-2.23084332475685	61.5765590163117	1
f17_5	0	-0.529392932390274	61.5210616789877	1
f17_6	1	-0.535670823271993	58.5648518721175	1
f17_7	0	-0.369980544688975	60.8451296355108	1
f17_8	1	-0.580001367324309	59.8123089147312	0
f17_9	0	-0.928886039127434	59.0232453155732	1
f17_10	0	-1.00349856003806	60.2717714664178	1
f18_1	1	-1.35711843505049	59.0535875616887	0
f18_2	0	-1.78210461856029	61.2377473853432	0
f18_3	0	-1.40331063772241	60.7980986010489	0
f18_4	0	-1.45652718077218	58.322490505566	0
f18_5	0	-0.199877272417727	61.6450487255735	1
f18_6	0	-1.387287504839	60.4127811346355	0
f18_7	0	-1.60735183753201	59.9928032634508	0
f18_8	1	-0.889089765428159	60.8677320917622	1
f18_9	0	-2.12318501402743	60.6135532679397	0
f18_10	0	-0.692484772747496	61.5243026391891	1
f19_1	0	-2.21079335408877	58.8569884813555	0
f19_2	0	-2.20363386337873	58.274560252745	1
f19_3	1	1.27454321072457	61.7814171478615	1
f19_4	0	-1.57398171208117	62.3235229508901	0
f19_5	0	-1.25489734685226	59.8764959480706	0
f19_6	0	-0.872922237248566	60.8501401451184	1
f19_7	1	0.399291793637797	59.4511469684678	1
f19_8	1	0.267709665112294	59.7963745177538	1
f19_9	0	-1.36063958061801	58.451034976481	0
f19_10	0	-1.74511610121991	60.8748525340667	1
f20_1	0	1.00614631345074	61.6942406723092	1
f20_2	0	0.0728769765487634	61.2027054946719	0
f20_3	1	0.398609220625702	60.9936354719483	1
f20_4	0	-1.94310686993716	59.5625063690409	0
f20_5	0	-0.730703895844275	58.7839965742873	1
f20_6	0	0.700174003344364	58.6397298510249	0
f20_7	0	-1.32197805682433	60.2952914592847	1
f20_8	0	-0.432477300898225	59.1076108605128	1
f20_9	1	-1.20745731362496	60.3937520932662	0
f20_10	0	-0.362618758515056	60.9642768837028	1
f21_1	0	-1.88964559268206	59.9997817433154	0
f21_2	0	-0.55771821364097	59.6555989569856	1
f21_3	0	-1.10324036867197	60.072948907226	0
f21_4	0	-2.39934383876652	60.3925117419847	1
f21_5	1	-2.16904334723806	60.0763978180559	0
f21_6	0	-0.948366742233946	59.2958496152145	1
f21_7	0	-3.25619791314539	59.0661825020729	1
f21_8	0	-1.27819929052848	61.856973144967	1
f21_9	0	-2.20593213106421	59.6701666479236	0
f21_10	0	-0.92046065117004	59.1462843969742	0
f22_1	0	-1.73322231600013	60.8949527792971	0
f22_2	0	0.0944088802613374	59.5135605557859	1
f22_3	0	-0.757004985943523	59.0714363012522	0
f22_4	0	-1.52754708165208	59.0254036550394	1
f22_5	0	-1.53435031711639	60.1095135833111	0
f22_6	0	-0.871348076978616	59.9647978642239	1
f22_7	0	-1.91881311331875	59.02349930974	0
f22_8	0	-0.88429049169056	59.7573734315103	1
f22_9	0	-0.0330765747511391	61.7062965970445	1
f22_10	0	-0.333969291176709	61.0293860278441	1
f23_1	0	-1.02733705143388	58.4512266946388	1
f23_2	0	-0.820401475460166	58.6540556392779	1
f23_3	0	-1.73095987509903	59.9948682984318	1
f23_4	0	0.405640039404606	58.5390166225226	0
f23_5	0	-1.99213711778261	59.487564646348	1
f23_6	0	-1.26358362979068	58.9776110018391	1
f23_7	0	-2.24023382438318	59.305521141164	0
f23_8	0	-1.39695149999951	59.5294373620867	0
f23_9	0	-0.582367005050425	58.0308778056751	0
f23_10	0	0.285760328960982	58.8536103249112	0
f24_1	0	-0.55233669853222	60.0572938989234	0
f24_2	0	-0.511686951548716	60.7482379085492	0
f24_3	0	-2.69612098557962	61.4312108109125	1
f24_4	0	-1.3146160996778	58.5344750852549	0
f24_5	0	-1.2534977948188	59.3674658784298	0
f24_6	1	-0.27002622899855	58.9352914327905	1
f24_7	0	-2.43442333335683	59.5810086103739	0
f24_8	0	-1.55539694837348	58.8532240411385	1
f24_9	0	-1.0012812604053	58.8805336543809	0
f24_10	0	-0.216395050371607	61.2131869599015	1
f25_1	0	-1.38356038449226	59.92759849386	0
f25_2	0	-1.30249228734163	60.5115567728711	0
f25_3	0	-3.59752635012564	59.5420498031076	1
f25_4	0	-2.0992530534883	60.6552321230714	0
f25_5	0	-0.828907898846295	61.0578628062278	0
f25_6	0	-1.01174787705295	59.4811507745975	1
f25_7	0	-2.25129177784651	59.032614198698	0
f25_8	0	-0.614639930497786	58.6424396768168	1
f25_9	0	-0.518495272062147	59.4631358510703	0
f25_10	0	0.258324383561679	60.4870815482745	0
f26_1	0	0.34184726431179	60.0846625037883	0
f26_2	0	-1.35091643857962	60.276553508543	0
f26_3	0	-0.826450526321034	59.2224469326707	1
f26_4	0	-4.45141431398535	59.3890236780415	0
f26_5	0	0.622802571495547	59.282567946317	1
f26_6	0	-0.109708982790541	60.2817412728535	0
f26_7	0	0.148415280550741	60.6504286162375	1
f26_8	0	0.796474698493071	57.4529317972605	1
f26_9	0	-1.55086299705348	57.2880492602057	0
f26_10	0	-3.0000457895481	58.4435359213918	0
f27_1	1	1.229098104885	59.2526372939982	0
f27_2	1	1.16010513036354	59.6065108987238	1
f27_3	0	-2.81307225203475	62.0464842764634	0
f27_4	0	-2.19628170400536	58.7419089484212	1
f27_5	1	0.616447318992008	60.9594211545749	1
f27_6	1	1.00754893779048	57.9918164473482	0
f27_7	0	-2.72490503848869	60.2543996043608	0
f27_8	0	-0.509709724194296	59.9847999441565	1
f27_9	0	-1.39395746220507	61.0880408612817	0
f27_10	0	-1.6385611524833	59.2756503238206	1
f28_1	0	-1.41021735104419	60.5059640026847	0
f28_2	0	-1.31688894679156	58.7105802160595	0
f28_3	0	-1.8633631180408	58.1679749845783	1
f28_4	0	-0.979028520600244	60.8264313030163	1
f28_5	0	-0.81170035710128	61.1830629084425	1
f28_6	0	-1.45184836379153	58.9574850779416	0
f28_7	0	-1.60746815416834	60.4837092195705	1
f28_8	0	-1.72839294551519	60.0347179588348	1
f28_9	0	-0.427459759512483	59.6158709090693	1
f28_10	0	-0.783243284571753	60.9111203014925	1
f29_1	0	-0.515124029642965	58.0326797219431	1
f29_2	0	-0.137852335481505	61.5722731433473	0
f29_3	0	-2.48242906166923	59.7746731096488	0
f29_4	1	-0.345543516767695	60.2961800030474	1
f29_5	0	-0.636560266009282	60.5258546615386	0
f29_6	0	-0.628825214832266	58.6949166646746	0
f29_7	0	-1.92279340670306	61.5400841082268	1
f29_8	0	-1.8123517020591	58.8018639126941	0
f29_9	0	1.13394798448606	60.595062836653	1
f29_10	1	0.815300490948016	61.9931120983726	1
f30_1	1	0.470747562687146	61.403710037853	0
f30_2	0	0.427978313387603	60.9319761858521	0
f30_3	0	-0.843631453713902	59.4750692146563	1
f30_4	1	-1.05104335056934	59.3411083493707	0
f30_5	1	0.489018266615254	60.1651196967942	0
f30_6	0	0.144863059830408	59.229278687972	1
f30_7	1	-0.00704981482109512	59.6365582997883	1
f30_8	0	-0.809542124916972	59.6628870030949	0
f30_9	1	-0.863483378477535	60.4197087954852	1
f30_10	0	-0.27983493744622	60.501933616816	1
f31_1	0	-2.47134998266905	59.7163664754571	0
f31_2	0	-1.0118276853508	60.8641579957234	1
f31_3	0	0.628481320329355	60.3052398328278	0
f31_4	0	-2.20800134319399	59.0233305360036	0
f31_5	0	-3.10586684786862	57.9352338866981	1
f31_6	0	-3.21876133926442	58.4676836179199	1
f31_7	0	-2.15592099833318	60.9344604638743	1
f31_8	0	-1.1431638298188	59.4691744737708	0
f31_9	0	-3.15476182824418	60.8755236462173	1
f31_10	0	-1.74863293228458	61.3228222632589	1
f32_1	0	-2.84370001161035	60.1832456948467	0
f32_2	0	-0.495900910377128	60.5964354110634	1
f32_3	0	-1.01115822880439	60.6402460836148	0
f32_4	0	-1.87118473423255	61.0396410711121	1
f32_5	0	-1.54118815226875	60.6578867744299	0
f32_6	0	-1.23783370363392	60.091807331212	0
f32_7	1	-1.24106255724986	59.985418047416	0
f32_8	0	-2.7349142997627	60.0490410171449	0
f32_9	0	-0.934710907236099	61.476633773857	1
f32_10	0	-2.60218801496216	60.6931340152227	0
f33_1	0	-1.77131715705706	60.4279754174734	0
f33_2	0	0.321456900324915	59.3945581254605	1
f33_3	0	0.252594256065725	60.5192327813616	1
f33_4	0	0.375442204805756	60.5349401950796	1
f33_5	0	-1.35906134597072	61.7370690454591	1
f33_6	0	-0.899804518557321	58.955424593933	1
f33_7	0	0.343124697403867	60.475585435384	0
f33_8	0	-1.13301701973832	59.014866652662	0
f33_9	0	-0.889630142493751	59.530261537635	1
f33_10	0	-0.269705175219452	60.2151588199646	0
f34_1	0	-1.03223975156231	60.2512245582103	0
f34_2	0	-2.79444574026912	60.7959458907519	0
f34_3	0	-2.37170334127796	59.9909475243616	0
f34_4	0	-2.51958251061137	60.5793747517976	0
f34_5	0	-1.89966762024038	59.0072742649957	0
f34_6	0	-2.46404517271839	60.164392171018	1
f34_7	0	-1.52164359236368	59.5607875097234	1
f34_8	0	-3.16330143715667	57.9717419796918	1
f34_9	0	-2.46955656167501	59.5465057494339	0
f34_10	0	-2.36973312749719	61.4266961034385	1
f35_1	0	-3.37193445929639	59.6550028012301	1
f35_2	0	-0.572546487477107	59.8405221739331	1
f35_3	0	-1.23249516844569	58.5756218343675	1
f35_4	0	-0.738880090097962	58.8958573898872	1
f35_5	0	-2.10191194879973	58.3756073088609	0
f35_6	0	-2.20760478453554	58.8914834832771	0
f35_7	0	-1.59894159952441	60.6160800439493	1
f35_8	0	-0.748036214851053	59.0449349514422	1
f35_9	1	-0.335667639909429	62.2741964061201	0
f35_10	0	-0.671216480890698	59.9433760555201	1
f36_1	0	-0.910026354385543	60.9818601037065	1
f36_2	0	-2.51384634374153	59.1652754156177	0
f36_3	0	-0.308443814478025	58.9210653963387	1
f36_4	0	-1.49284054502106	59.7580593036291	0
f36_5	0	-3.06946084648146	60.5096859275522	1
f36_6	0	-0.89856198922554	59.4117174157189	0
f36_7	0	-0.743024866936687	60.5068377875168	1
f36_8	0	-2.15048205500193	59.3243378897705	1
f36_9	0	-1.82593276143683	60.4604542955156	0
f36_10	0	-1.261674038291	60.0561463282014	1
f37_1	0	-1.15786628061349	61.1714303677894	1
f37_2	0	-0.574916044689179	60.2650456123834	1
f37_3	0	-1.85773095603091	61.4502414441864	0
f37_4	0	-0.752375592044885	58.7056679344582	0
f37_5	0	-1.86275631786087	60.2280721167663	0
f37_6	0	-1.74619172604032	59.8093213874659	0
f37_7	0	-2.22571488862425	60.69519939943	0
f37_8	0	-1.33251836899858	59.6016313458926	0
f37_9	0	-2.06075670590291	59.624236797454	1
f37_10	0	0.24565850446433	61.9577742090805	1
f38_1	1	-0.247037617770092	60.0975274157399	0
f38_2	0	-2.70868164475849	60.8902586536634	1
f38_3	0	-1.31630444391383	60.6978371513757	1
f38_4	0	-1.64543373670286	60.0709398390605	1
f38_5	0	-1.84983022278057	57.1368694281536	1
f38_6	0	-1.57217824380402	59.4439797945318	0
f38_7	0	-0.771789666365058	62.1579929505259	1
f38_8	0	-1.85364638069615	60.9888945963303	1
f38_9	0	-2.09261396858629	59.1655727052499	1
f38_10	0	-1.92648219102502	60.1291136773645	0
f39_1	0	-0.871696860624363	59.6074405177566	0
f39_2	0	-4.01789979616174	59.8535474780866	0
f39_3	0	-0.814818821958244	59.4235560736559	1
f39_4	1	-0.952853328651969	61.0765273572416	0
f39_5	1	-1.18693527663617	58.7327879543959	1
f39_6	0	-2.17104740123021	59.8443783567931	0
f39_7	0	-1.12560379773926	60.1301696369422	1
f39_8	0	-1.17451194902833	60.6664828391306	1
f39_9	1	-1.90474610380413	59.9043792458049	0
f39_10	0	-1.89964571818106	61.141328291269	0
f40_1	1	-0.96301514082892	59.8229813727651	0
f40_2	0	-0.850173439963116	59.7625661928632	0
f40_3	0	-0.695932599195951	59.0683383888324	0
f40_4	0	-2.11877769400477	59.9600919338295	1
f40_5	0	-1.94408380098408	59.0952572473773	1
f40_6	1	-1.16321573957514	60.0941654419028	1
f40_7	1	-0.906601090422275	61.7718537551223	1
f40_8	1	0.410091805868051	60.7179185983178	0
f40_9	0	-2.75952448460672	60.4097276707057	0
f40_10	0	-0.605597634569588	59.5672098594154	1
f41_1	0	-1.37794237912397	58.9073942958643	1
f41_2	0	-2.36055612182351	60.2840095093783	1
f41_3	1	0.14720593692566	59.378181334191	0
f41_4	0	-3.96163457092543	56.9290112831633	1
f41_5	0	-1.46873525555601	60.6589559782145	1
f41_6	0	-2.69046068246266	60.5202121206164	0
f41_7	0	-1.6098204591178	61.2637738468503	0
f41_8	0	-1.6055013620667	60.4243944281714	0
f41_9	0	-3.3774102598954	58.4767016479673	1
f41_10	0	-3.25087281606634	60.9601596909819	1
f42_1	0	-1.05259355448224	59.4646516587558	1
f42_2	0	-0.959771191726599	60.8641876184026	0
f42_3	0	-1.43696906974718	59.1562396520192	0
f42_4	0	-0.147093468089399	59.6009622674179	0
f42_5	0	-1.84067225872867	58.8351284663237	1
f42_6	0	-1.17834491054273	58.9889988207605	1
f42_7	0	-1.54040499164346	59.7051515902165	1
f42_8	0	-0.611695280907995	61.0540413198662	0
f42_9	0	-0.380504459779553	59.3777966339739	0
f42_10	0	-0.827652098448274	58.6363612584674	1
f43_1	0	-1.86068286004804	60.7503092460207	1
f43_2	0	-1.51317085485539	59.7626812339968	0
f43_3	0	-0.746936336626142	60.3939218499574	0
f43_4	0	-1.36698782599139	59.3694580887374	1
f43_5	0	-2.22663992042597	58.7079855201893	0
f43_6	1	-1.57643369427816	60.7492453386995	1
f43_7	0	-1.01610593907634	60.397722783975	1
f43_8	0	-1.55480795125179	59.9574056407711	1
f43_9	0	-2.15064394276076	60.487587936031	0
f43_10	1	-0.635263329647584	59.8477214897363	1
f44_1	0	-1.72774550144092	60.1623997323142	0
f44_2	0	-2.0958064355106	59.8232727773386	0
f44_3	0	-1.50892027271175	59.5653338595959	1
f44_4	0	-2.7750873732316	59.9292947685083	1
f44_5	0	-0.817213365683312	59.326404119317	1
f44_6	0	-1.37236131538455	60.2927107290463	1
f44_7	0	-0.675816723958122	58.3550160591986	1
f44_8	0	-1.06290486771244	59.7914057909114	1
f44_9	0	-1.09372108780085	60.445607109507	0
f44_10	0	-2.67089832103355	59.8944560759035	0
f45_1	1	0.677696500696149	59.2909196724944	1
f45_2	0	-1.68924463189416	60.6999110294313	1
f45_3	0	-2.42620494543615	60.312194543494	1
f45_4	0	-0.648073507893421	60.586432987742	0
f45_5	0	-0.301716922262181	60.892005258648	0
f45_6	1	-1.4344527239136	59.9112644288843	0
f45_7	0	-3.36853433859506	58.5209119785466	1
f45_8	0	-0.298225703966674	60.7950844760549	0
f45_9	0	-1.19009213487743	60.5117005368196	1
f45_10	0	-0.335904428582846	59.7265686731142	0
f46_1	0	-1.20806994924359	60.4828791220521	0
f46_2	0	-0.668379664228962	61.9388294962863	1
f46_3	0	-1.43095382484631	60.593498641667	0
f46_4	0	-2.51327559910072	62.0867679620986	0
f46_5	0	-2.39234755739989	60.4385313435435	1
f46_6	1	-1.4160983047669	58.9455352672287	0
f46_7	0	-1.72389914878821	59.2791682380473	0
f46_8	0	-1.83018258876517	58.8634649379925	1
f46_9	0	-2.54604018345049	58.4787444353505	1
f46_10	0	-3.1557195717058	61.9639233532498	0
f47_1	0	-1.66460999658073	59.5721913367225	0
f47_2	0	-0.441919943815412	61.2632299512185	0
f47_3	0	0.817643290112234	59.6086971934165	0
f47_4	0	0.0336459775530187	60.6093706593351	1
f47_5	1	1.25927286414823	62.0325359343473	1
f47_6	0	-0.974094434538368	59.0224433780291	1
f47_7	1	2.39566216805485	59.4333764662579	1
f47_8	1	1.68987914000266	59.8876719187502	0
f47_9	0	-0.768048845275678	58.7921016329911	0
f47_10	0	-1.41496122636581	60.3981291191811	0
f48_1	0	-0.195278437989759	60.3369067912569	0
f48_2	0	0.297805931168687	61.2493663941681	0
f48_3	0	-1.45083949181649	60.5500266718822	1
f48_4	0	-2.36194835865744	60.8441118747269	1
f48_5	1	0.793048080157041	59.8139786368972	1
f48_6	1	0.229464045190357	62.5939341968191	1
f48_7	0	-1.89254791526843	61.5343646597768	0
f48_8	0	0.711338265238753	58.6797307222294	1
f48_9	0	-0.851002945589405	59.9015073369559	1
f48_10	0	-0.676448306456246	60.3063437132492	1
f49_1	0	-0.7182407641283	60.0527293118541	0
f49_2	0	-4.21024016156956	58.7104818559376	1
f49_3	0	-2.83815584325765	58.3578567562985	0
f49_4	0	-1.59398581346251	60.3233596974929	0
f49_5	0	-2.17947570563329	60.3342303914425	0
f49_6	0	-2.73018329846501	59.6255595232226	1
f49_7	0	-2.55369423229138	61.2611362363885	1
f49_8	0	-2.58082878953477	61.0731541226821	1
f49_9	0	-2.73151415441708	58.858697907581	1
f49_10	0	-2.00196120860091	60.2611288935381	1
f50_1	1	-0.214770026404557	60.5029253896289	1
f50_2	0	-2.51667151778542	60.4038629048313	0
f50_3	0	-0.48751700295134	61.6688292477123	0
f50_4	0	-2.64702004127997	59.3644309014824	0
f50_5	1	-1.19040351673631	60.6142693681734	0
f50_6	1	-1.14298043579421	60.2334665636183	1
f50_7	0	-1.7371093153236	59.61849195984	0
f50_8	0	-1.33469854559984	57.8865430238478	0
f50_9	0	-1.84859217131718	61.0061746443024	1
f50_10	0	-2.36248362460452	59.4608376644642	0
Subj-1	0	0.0603682641472758	59.6111776731442	0
Subj-2	0	-1.75590737759275	60.1845737715422	0
Subj-3	0	-2.35099372149221	59.6780527216477	0
Subj-4	1	0.750319095782091	61.4506752843208	1
Subj-5	0	-0.859378775586312	61.0629101388482	0
Subj-6	0	-0.981941163411496	60.2488542560339	0
Subj-7	0	-0.0664296890932441	62.2955372294248	1
Subj-8	0	-0.764264419062535	62.3495498617642	0
Subj-9	1	-0.680265534097424	60.7260201724733	0
Subj-10	0	0.360252773354628	61.3163624270437	0
Subj-11	0	-1.87636276594743	60.3858491381397	0
Subj-12	1	0.129730597341443	60.5502711408388	0
Subj-13	1	0.44968339350257	58.1671794306125	1
Subj-14	0	-1.24789030642798	60.9630286895562	0
Subj-15	0	-1.11830838297119	61.2014093670941	0
Subj-16	0	-2.05199226081457	59.7578303661089	0
Subj-17	1	-1.49453749296201	59.1212036128074	1
Subj-18	0	-1.23010815612381	60.2232506334985	1
Subj-19	0	-0.267052108526688	59.3409775609799	0
Subj-20	0	-2.29377575563754	59.3717289305164	0
Subj-21	0	-0.922973822275128	59.6788018075639	1
Subj-22	0	-1.71290063867869	59.2903279584953	1
Subj-23	0	-1.31189952874376	61.4120081283202	0
Subj-24	0	-1.64117158436282	60.979575978734	1
Subj-25	0	-1.4209209537218	58.8136412686573	0
Subj-26	0	-0.702893778889363	58.6384148955136	0
Subj-27	1	-1.93585674087699	60.2785069396895	1
Subj-28	0	-1.01139672393833	60.066357936492	0
Subj-29	0	0.206703010918748	60.3933671851977	1
Subj-30	0	-2.59587612414853	59.1561700095966	1
Subj-31	0	-0.948752043518146	58.422320515095	0
Subj-32	0	-2.15470669486864	59.168405412017	0
Subj-33	0	-1.71969884963416	60.8727224367755	1
Subj-34	0	-1.45742378099477	60.5693180313712	0
Subj-35	0	-2.11419893759328	60.1023377514813	0
Subj-36	0	-2.2383360527935	59.2302228503749	1
Subj-37	0	-0.951973221652354	60.4774633374112	1
Subj-38	0	-0.319657672679427	61.5602522039393	1
Subj-39	0	-2.07073979642446	60.0277133617606	1
Subj-40	0	-0.596767876796161	59.5705805075356	1
Subj-41	0	-1.84868070809641	59.3741044296871	1
Subj-42	0	-2.90040510827578	60.5535660929209	0
Subj-43	0	-1.36296714963095	60.6973285795529	1
Subj-44	0	-0.771235034285184	59.4115269261094	1
Subj-45	0	-2.38975649327421	59.859355087272	0
Subj-46	0	0.704399628079571	59.187958372291	1
Subj-47	0	-2.31280616569513	60.0146833714077	0
Subj-48	0	0.303070324553645	61.8486333230076	0
Subj-49	0	-2.21301650639638	59.898396617747	1
Subj-50	0	-1.20317240089361	59.4312488612633	1
Subj-51	0	-1.92939152601612	60.0776110741764	0
Subj-52	0	-2.60326531765306	59.1012774452852	0
Subj-53	0	-0.539081547200081	61.7115123657721	0
Subj-54	0	-0.580321124410047	59.2879685883407	0
Subj-55	0	-0.601111348542918	60.5289576103993	1
Subj-56	0	-1.7223903382029	59.9227142098537	0
Subj-57	0	-0.77351199513982	60.0798958946608	1
Subj-58	1	-0.388470411884027	59.4301950782382	0
Subj-59	0	-1.94228201119975	59.6237998383054	1
Subj-60	0	-0.129940531677041	60.6514346013354	0
Subj-61	0	-0.682170359531677	59.8004236288923	1
Subj-62	0	-1.21466917396036	60.2990153274085	1
Subj-63	0	-1.84047472735665	60.1469093181809	0
Subj-64	0	-1.47902355042523	59.7421746493445	0
Subj-65	0	-0.553100300843247	60.5743531935306	0
Subj-66	0	-1.97432423832476	58.67988811816	0
Subj-67	0	-1.90622417761149	58.1914278722968	0
Subj-68	0	-1.43193427001554	60.8743521803156	1
Subj-69	1	-0.267847131228219	60.7808653971624	0
Subj-70	0	-3.01644308230167	60.2358542611296	1
Subj-71	0	-1.62165122998244	58.7766066911994	1
Subj-72	0	-2.18347644575284	59.6697957513064	1
Subj-73	0	-1.54294731418287	61.208031587832	0
Subj-74	1	-1.1072105889088	58.383061902619	1
Subj-75	0	-0.720328327867348	59.0294545599414	0
Subj-76	0	0.137319413789133	59.8950489508295	1
Subj-77	1	-0.827602101546544	61.1765838218754	1
Subj-78	0	-1.04637451287134	60.5051427957475	1
Subj-79	0	-2.57874291983781	59.5248934915861	0
Subj-80	0	-0.76198554953468	60.6002478292696	1
Subj-81	0	-2.0804774037028	59.6022326483015	1
Subj-82	0	-0.630046470776898	60.1373348166692	1
Subj-83	0	-0.988166433664296	58.8987592775102	0
Subj-84	0	-0.783545142514537	60.7350720169421	1
Subj-85	0	-2.10285457152279	60.4841900382896	0
Subj-86	0	-2.51372544003578	59.298464060189	1
Subj-87	0	-1.14006361314697	60.06183894011	0
Subj-88	0	-0.164296949026166	59.4549745900189	1
Subj-89	0	-2.08171398556271	58.8474104952188	0
Subj-90	0	-1.21449764831018	61.1465647689443	1
Subj-91	0	-1.52244171010606	56.7933786438094	0
Subj-92	0	-1.33388359030875	60.9841413481036	1
Subj-93	0	-1.64413338098234	58.5029936169784	0
Subj-94	0	-2.13454376518477	59.9188167194301	0
Subj-95	0	-0.272200247963268	60.606298106228	0
Subj-96	0	-2.21113667469898	59.588179761548	0
Subj-97	0	-1.34159155159569	59.260946141151	1
Subj-98	0	-0.773612574917546	59.5862279503513	0
Subj-99	1	-0.108285425411929	60.9999435337562	0
Subj-100	0	-2.45952986691562	59.1662497529312	0
Subj-101	0	-2.34953320550603	60.1848985750003	1
Subj-102	0	-2.85216868187107	58.7670036875857	1
Subj-103	0	-1.252019192872	59.9860758894002	1
Subj-104	0	0.00260502732804113	61.7996238122616	1
Subj-105	0	0.401830280290794	58.395029692079	1
Subj-106	1	-0.114863558140935	60.6944507683003	1
Subj-107	0	-0.55944828484667	60.8100734469186	1
Subj-108	1	-0.775191785215406	62.3084721473655	0
Subj-109	0	-0.983156523259255	59.1095325642607	1
Subj-110	0	-1.83574153564777	60.4843957087821	0
Subj-111	0	-0.737357547766652	61.7928541951888	1
Subj-112	1	0.433203298835901	60.46847196711	1
Subj-113	0	-2.64064925195145	60.2336078687604	0
Subj-114	0	-1.07247835191163	61.3033794696781	0
Subj-115	0	-2.82485328282757	61.1745437989323	1
Subj-116	0	-1.23950203185414	58.8255857535335	1
Subj-117	0	-1.8935129123647	59.9160695037708	0
Subj-118	0	-2.53940067809761	59.6451405286388	1
Subj-119	0	-1.80201947633122	59.9619938516865	1
Subj-120	0	0.11046046643387	60.0642606319359	1
Subj-121	1	-0.225951786816643	59.3774053410193	0
Subj-122	0	-0.815309997547631	59.7051748825353	0
Subj-123	0	-1.66474181233981	60.852813687147	1
Subj-124	0	-1.46436941099787	60.3060253028108	0
Subj-125	0	-2.36924286355233	61.1912931173151	0
Subj-126	1	0.889473529020892	60.8498583694426	1
Subj-127	0	-2.03659159825907	59.792054199586	0
Subj-128	0	-0.133121991906967	60.6378029697341	1
Subj-129	1	2.16620715983083	60.5812523207212	0
Subj-130	0	-0.637445475508729	59.3530382515255	0
Subj-131	0	-2.32680397005208	60.139747469147	0
Subj-132	0	-0.483349992895362	60.7815463375529	0
Subj-133	0	0.291217102581396	60.6147781833785	0
Subj-134	0	-0.0732227226605464	59.3059707576753	1
Subj-135	1	-0.0337431302252613	61.3784742379727	1
Subj-136	0	-0.726954284424909	60.012136457968	1
Subj-137	0	0.00640049559092959	60.720942134281	1
Subj-138	0	-0.0105583894308272	59.255973001571	0
Subj-139	0	-2.11274554962993	60.8912161604015	0
Subj-140	0	-1.50375396507393	59.5809189293034	1
Subj-141	1	-0.596445181093441	60.8396552280224	1
Subj-142	0	-1.89064621341111	59.9998416164266	0
Subj-143	0	-0.831698543206752	58.9118594419734	1
Subj-144	0	-2.23798658960878	60.5389829425155	1
Subj-145	0	-0.47266989881707	60.1618350096862	0
Subj-146	0	-2.57528807657853	59.3107309031227	1
Subj-147	0	-2.56907316311876	60.653044850069	0
Subj-148	0	-2.0058060615727	58.9882233450727	1
Subj-149	0	-0.119296765161595	60.6881935563888	0
Subj-150	1	-0.124279762214725	59.6270568103181	1
Subj-151	0	-0.773238038644724	60.8564890492121	1
Subj-152	0	-1.18665711910384	59.2136423816677	0
Subj-153	0	-0.578620608062694	60.7577632184286	1
Subj-154	1	-0.375472648369613	60.4432845980461	1
Subj-155	0	-0.84577484154905	60.3625053755796	1
Subj-156	0	-1.56422547641604	58.5033407621666	1
Subj-157	0	0.88386986787325	59.9559105634818	0
Subj-158	0	-1.51887555243617	59.9821076431592	0
Subj-159	0	-2.15992111564605	57.3808779679936	1
Subj-160	0	0.0480716733531539	58.7091993219764	0
Subj-161	0	-0.569815662154636	60.9303776084045	0
Subj-162	0	-3.76972729462575	61.5488390931323	1
Subj-163	0	-1.13627957291872	58.8267629667356	0
Subj-164	0	0.70109725637763	60.7383556697602	1
Subj-165	0	-0.884087656222842	61.311341415715	1
Subj-166	0	-0.446659646572787	62.0306930666332	1
Subj-167	0	-0.879194470129172	60.4749142709697	0
Subj-168	0	-1.76384730459656	58.7364309568877	1
Subj-169	0	-0.847849935078248	59.7289698865503	1
Subj-170	0	-0.613509312484869	58.5913676127302	1
Subj-171	0	-2.54009367913578	59.4262843247212	1
Subj-172	0	-2.12851623923745	60.9970230174514	1
Subj-173	0	-1.55084890875102	61.8998341938388	0
Subj-174	0	-0.143978369490576	60.8478606983233	1
Subj-175	0	-0.0722530311797986	60.6845756572047	0
Subj-176	0	-1.66642503240038	60.4767201339086	0
Subj-177	1	-1.69461963113513	60.467376987601	1
Subj-178	0	-1.57022843315584	60.9163129496774	0
Subj-179	0	-1.70068390259958	58.72819123215	0
Subj-180	0	-1.03322185330868	59.5207353614653	0
Subj-181	0	-3.54509512643631	61.4070739983863	0
Subj-182	0	-0.558822200082598	60.1935395283733	1
Subj-183	0	-2.21051790231735	58.3997339618107	1
Subj-184	0	-0.256661217751936	61.4214737747373	0
Subj-185	0	-2.85620257190287	61.8334550846842	1
Subj-186	0	-0.813353820198163	60.2673706211557	0
Subj-187	0	-1.79810544163957	59.184314651901	1
Subj-188	0	-0.0498336450984755	60.9139022310022	1
Subj-189	0	-1.86876906598923	59.0465451624322	0
Subj-190	0	-0.573244904792327	60.8674229934564	0
Subj-191	0	-2.63114949803456	61.6852174867407	1
Subj-192	0	-2.1681934448066	59.6398582635614	0
Subj-193	0	-1.48229138009673	60.0485382750877	0
Subj-194	1	-1.17289380864378	58.8167575063412	1
Subj-195	1	-2.08322413467789	62.7767600435107	1
Subj-196	0	-2.63600343992046	58.5765941034006	0
Subj-197	0	-1.01321660303379	58.6499407822244	1
Subj-198	0	-2.24832195960108	60.655889079826	0
Subj-199	0	-0.586380994878788	59.9039565177487	1
Subj-200	1	0.0988953161769783	60.6046409946837	0
Subj-201	0	-2.95945275610227	60.5218902003498	0
Subj-202	0	-2.3250918033947	59.0645410084579	0
Subj-203	0	-1.03411787194734	59.7415413317177	0
Subj-204	0	-1.47945272098286	60.1257446075961	0
Subj-205	0	-1.08524232240368	60.0482887775044	1
Subj-206	0	-0.361755920995204	60.312740649332	0
Subj-207	1	-0.344135737717566	60.015894853178	0
Subj-208	1	-0.728824309199922	60.950413406369	1
Subj-209	0	1.00266578751522	61.4659907207678	1
Subj-210	0	-2.01503195337041	58.0595644140132	0
Subj-211	0	-1.90417911310507	59.6789425659742	1
Subj-212	0	-0.887948909644846	59.0874520519719	0
Subj-213	0	-2.30501585934726	61.091428395712	1
Subj-214	0	-0.0533465083858418	59.8520179655389	1
Subj-215	0	-1.01543642369761	60.541000618997	1
Subj-216	0	-0.0628276884627201	59.4343191547135	0
Subj-217	0	-0.981827213718224	60.5505288246121	0
Subj-218	0	-1.61354126249756	61.2573263134997	0
Subj-219	0	-3.13118179709665	59.0411614692485	0
Subj-220	0	-1.80368734453878	57.9724738178739	0
Subj-221	0	-1.33655858516647	60.9977960321438	1
Subj-222	1	0.00750129355445717	59.4483683223723	0
Subj-223	0	-1.70847865721877	60.3490575670539	0
Subj-224	0	-0.603915009952723	60.4753471043482	0
Subj-225	0	-1.11785866298596	60.0850826164654	1
Subj-226	0	-1.56213306801847	59.8342181022651	1
Subj-227	0	-1.52955010331379	57.8960567237072	1
Subj-228	0	-0.517852239289167	59.1564363529536	0
Subj-229	0	-0.563983513656438	60.5523795510972	0
Subj-230	0	-2.32935521401349	62.0993348838652	0
Subj-231	0	-0.787195277120155	60.1954996283579	1
Subj-232	0	-2.68072531355424	59.315956248028	0
Subj-233	0	1.34906175621696	61.3599561254512	0
Subj-234	0	-0.926050431628782	60.5697400678833	0
Subj-235	0	-2.83677698444348	60.8661583603461	1
Subj-236	0	-1.09910640603247	62.2192022990263	1
Subj-237	0	0.405466211643805	58.4698534909365	0
Subj-238	0	-1.39956626232056	61.1503147361116	0
Subj-239	0	-0.991146218738498	60.2636364705475	1
Subj-240	0	-0.359567982490128	60.8794769425187	1
Subj-241	0	-1.63861717750131	60.4616153515034	1
Subj-242	0	-1.04534389352205	58.6755033018113	1
Subj-243	0	-0.993868761042938	60.8276334992375	0
Subj-244	0	-1.60049222972174	60.1764922049395	1
Subj-245	0	-0.186772730414234	59.619646449236	1
Subj-246	0	0.304165640650035	59.8572932940585	1
Subj-247	0	-2.66612628684856	59.9879910472988	0
Subj-248	0	-2.37209759783582	60.7741221966004	1
Subj-249	0	-0.918246794547041	60.5063081464265	0
Subj-250	0	-0.860715063337968	60.9621202531373	1
Subj-251	0	-1.5030986490096	59.9030208355237	0
Subj-252	0	0.102402632832593	58.7506915230804	1
Subj-253	0	-0.627539427565055	60.6315836462192	1
Subj-254	0	1.75599460816315	61.3788684168955	1
Subj-255	0	-0.883001699329768	60.5383048552379	0
Subj-256	0	-3.08806921701791	60.4008179070226	1
Subj-257	0	-2.79269227170435	59.8800913143006	0
Subj-258	1	0.146646877278349	61.502938018687	0
Subj-259	1	-1.39611448041787	58.8103524081075	0
Subj-260	0	0.051426792747705	60.1225590600125	1
Subj-261	0	0.280140228162514	60.285344050572	1
Subj-262	0	0.129317276521093	60.0416553310963	1
Subj-263	0	-1.79564838932126	60.59658744528	0
Subj-264	0	-1.84042251091898	60.0277621076955	1
Subj-265	0	-0.667998399833174	61.4712389715781	0
Subj-266	0	-1.30622165359834	59.9537339645057	1
Subj-267	0	-1.64991566795203	60.5924573664205	1
Subj-268	1	0.22412565353146	59.9807669153149	0
Subj-269	0	-1.23727096781311	59.3090213977007	1
Subj-270	0	-2.3068393813452	60.4441431652595	0
Subj-271	0	-1.32591768138446	60.7938780272266	0
Subj-272	0	-1.81487419943837	59.7840924987858	1
Subj-273	0	1.54734703181374	58.9975411348768	1
Subj-274	0	0.663659256806129	60.2713559872141	0
Subj-275	0	-2.09538887577473	57.691750171519	1
Subj-276	0	-0.762510608066319	60.1168732391339	1
Subj-277	0	-1.51850373631171	59.5923220477309	1
Subj-278	0	-1.59591346158367	60.877757108116	1
Subj-279	0	0.0385196117811735	60.6992459623813	1
Subj-280	0	-0.732674193198899	60.5504791962401	1
Subj-281	0	-1.55312286923842	61.2961325886153	0
Subj-282	0	-1.27245235760131	61.3975299838672	1
Subj-283	1	-0.0816945743048564	62.7138685605919	0
Subj-284	0	-2.17374293106744	59.9035890929342	1
Subj-285	0	-1.80042964326816	58.8917161476822	1
Subj-286	0	-1.80486197305004	60.7421392523927	1
Subj-287	0	-1.83551508158331	60.9955060296968	1
Subj-288	1	-0.193651731309724	60.4283786990688	0
Subj-289	0	-1.1899591138256	59.0600522853748	0
Subj-290	0	-0.561949020545998	59.6066324243702	0
Subj-291	0	-1.85901169126932	60.5060350709813	1
Subj-292	0	-0.547112140620369	61.5284098247717	1
Subj-293	0	0.267011592302639	59.4317064046187	1
Subj-294	0	-2.84320560057766	60.7733263651635	1
Subj-295	0	-0.742039584810223	59.3701830193833	0
Subj-296	0	-2.32847550447663	57.5628701930752	0
Subj-297	0	-0.473474421139412	60.822282143677	0
Subj-298	0	-2.38892460220909	60.2322342505403	0
Subj-299	1	-1.39862894915533	61.1290455593807	0
Subj-300	0	-1.07050228050922	60.0515586650446	1
Subj-301	1	-0.751633190514113	60.2589196169654	0
Subj-302	0	-0.61732176800631	59.718345938791	1
Subj-303	0	-1.92300556862095	60.8900638653474	0
Subj-304	0	-1.67510142433691	59.8847199288889	1
Subj-305	1	-2.25765979850176	59.2017875982004	1
Subj-306	0	-1.14820850862355	60.7857229898379	0
Subj-307	0	-1.49485450470455	59.4124985690672	1
Subj-308	0	-3.18383974419143	58.2067115604618	1
Subj-309	0	-1.74770556638527	60.9278299652983	1
Subj-310	0	-2.71535592828608	58.3513636109569	0
Subj-311	0	-0.260523452976403	59.8186859898352	1
Subj-312	0	-2.1321385121846	58.5085388485648	1
Subj-313	0	-0.0306810336552248	60.1385546763205	0
Subj-314	0	-1.53267497642085	60.683180729167	0
Subj-315	0	-0.697241738554266	59.2692926034955	0
Subj-316	0	-2.07844220693243	58.9542572294577	0
Subj-317	0	-2.31373945515757	60.908481193419	1
Subj-318	0	-1.39057256122362	61.3872096073358	1
Subj-319	0	-1.40927044740818	59.0019782113375	0
Subj-320	0	-2.60209491699472	58.0018763090442	1
Subj-321	0	-2.50705786974282	60.4193255781415	0
Subj-322	0	-0.430950910924499	60.800504238518	0
Subj-323	0	-1.43949730426868	60.229160108227	0
Subj-324	0	-1.28579771630328	60.5584201759336	0
Subj-325	0	-1.71292296793063	60.215197557713	1
Subj-326	0	-1.23621715747647	59.2431254250478	1
Subj-327	0	-2.19172589733559	59.9353880137447	0
Subj-328	0	-0.153950283126539	58.5726281816432	1
Subj-329	0	-3.01599168522426	60.5761429238238	1
Subj-330	0	-2.13037347483393	59.2078847035193	0
Subj-331	0	-3.12862626692994	59.9806618828737	1
Subj-332	0	-0.796258967308989	58.8931301135107	0
Subj-333	0	-2.30360012644167	59.551463298384	0
Subj-334	0	-0.9783124758257	60.7512326549137	1
Subj-335	0	-1.38644769357422	61.3881782315935	1
Subj-336	0	-0.543877018941687	60.192522235319	0
Subj-337	0	-0.319910566536453	60.0594797560889	1
Subj-338	0	-0.57833233820742	59.2394359176423	1
Subj-339	0	-1.37516452339527	60.6906368802434	1
Subj-340	0	-1.71012015889319	59.2563495057223	1
Subj-341	0	-1.11168670976384	59.5984470789199	1
Subj-342	0	-1.59454103733185	58.6726623930761	0
Subj-343	0	-0.802047564953365	58.3418625556147	1
Subj-344	0	-0.839273617877911	60.5092031419892	1
Subj-345	0	0.771824426940902	60.6607578722462	1
Subj-346	0	-1.65179626453755	60.4183663110424	0
Subj-347	0	-2.77086593761772	60.9902758252282	1
Subj-348	0	-0.872618499486124	59.8103141884355	0
Subj-349	0	-2.3273405517367	59.7803231736021	1
Subj-350	0	-0.225222066916606	60.7142619056537	0
Subj-351	0	-1.46798253874229	59.9978990482283	1
Subj-352	0	-1.06517904572601	60.5482853027248	0
Subj-353	0	0.565128034990664	60.3281450647	0
Subj-354	0	-2.35401070106636	59.3836834788524	0
Subj-355	0	-2.45751670571463	58.424455570134	0
Subj-356	0	-0.523531526674657	59.1422019227256	0
Subj-357	0	-1.5376069110547	59.3454007426225	0
Subj-358	0	-2.42990240847886	61.2572881407893	0
Subj-359	0	-3.06558994344651	59.904990911101	1
Subj-360	0	-1.11311697290536	59.1288006175683	0
Subj-361	0	-0.388325221978284	60.3497825347945	0
Subj-362	0	-1.31045285556057	61.1279974554484	1
Subj-363	0	-2.12026361621635	59.1030819739999	0
Subj-364	0	-2.77989811996747	61.9340118945293	0
Subj-365	0	-1.45961147467978	59.2839630142548	1
Subj-366	0	-2.02152496619244	59.4579344783068	1
Subj-367	0	-1.64108130122479	60.8430454848007	1
Subj-368	0	0.299646673005911	60.8171097251038	0
Subj-369	0	-0.631301069634255	60.1535340872714	0
Subj-370	0	-2.60060101977328	59.6490832656575	0
Subj-371	0	-2.90127179682351	60.0623652591478	1
Subj-372	0	-1.13271114821401	58.0825877795512	0
Subj-373	0	-1.47810795483804	60.0818557801732	1
Subj-374	0	-0.806585964936632	60.7266574106548	1
Subj-375	1	1.74717747735981	60.3306468646125	0
Subj-376	1	-0.259250372684252	61.075026874939	1
Subj-377	0	-0.157017376586923	58.6228690142349	0
Subj-378	0	-0.147800427911139	60.1462739922403	1
Subj-379	0	1.15560732322264	58.6320421199765	1
Subj-380	0	-1.4634901333049	59.6733446554125	0
Subj-381	0	-1.89808113090781	58.7048937681005	1
Subj-382	0	-1.46891964336921	60.3174589043534	0
Subj-383	0	-2.65229916385178	60.660758658771	0
Subj-384	1	-0.117344456312676	60.2031033431892	1
Subj-385	0	-0.757231561436399	60.0463222037377	1
Subj-386	0	-0.934275585975813	59.8333704149316	0
Subj-387	0	-1.61785989506946	59.9976752448911	1
Subj-388	0	-0.0567366601315098	58.5727302323986	0
Subj-389	0	-0.651455230396378	61.917017943922	1
Subj-390	0	-0.829584428733616	59.4177600000456	0
Subj-391	0	-1.38444221548368	59.688148860927	0
Subj-392	0	-1.80613848269162	59.2807924847388	0
Subj-393	1	0.390586190600778	58.9064869114507	1
Subj-394	0	-1.63228717089923	59.4581144259533	0
Subj-395	0	-2.33508729723629	58.8309677901731	1
Subj-396	0	-0.678989771171316	61.2204952007187	0
Subj-397	0	-1.16604626781024	59.0875171086901	0
Subj-398	0	-1.94265238847	60.3467259753144	0
Subj-399	0	-1.05013343977557	60.4717628880691	0
Subj-400	0	-1.53371246250676	60.0556420285771	1
Subj-401	0	-2.11892512923999	58.1035824991262	0
Subj-402	0	-1.18714672666974	60.2486715327519	0
Subj-403	0	-1.67403107226083	60.1832132404684	1
Subj-404	0	-0.0752265251831805	60.91386741615	0
Subj-405	0	-1.167235797192	60.3000380246709	1
Subj-406	0	-2.09334268119681	60.446432883951	1
Subj-407	0	-0.514657004743779	59.743716877495	1
Subj-408	0	-1.80873761102207	61.055971039186	0
Subj-409	0	-1.75879766148653	61.1916605773674	1
Subj-410	0	-0.758758268237737	59.0293925278105	0
Subj-411	0	-1.86990021126791	58.0602924835713	1
Subj-412	1	0.012004743675663	60.7315342214904	0
Subj-413	0	-1.54317815619965	61.0847172679605	0
Subj-414	0	-1.78017473738203	58.9227409471152	1
Subj-415	0	-0.993056018266749	60.7765785829579	1
Subj-416	0	-0.652569212903591	59.7470235246487	0
Subj-417	0	-0.389214839995891	60.4063474915572	0
Subj-418	0	-1.80522582546531	60.000731815165	0
Subj-419	0	-2.39585341582702	61.1683711571423	0
Subj-420	0	1.17339218095289	59.2834343721521	1
Subj-421	1	0.720794579146453	60.2042371237562	0
Subj-422	0	-1.02111283484492	58.4868166548918	0
Subj-423	0	-2.2701645516708	60.4910463020748	0
Subj-424	0	-0.0262286114288741	58.0092931516784	0
Subj-425	1	-2.2860289598829	60.9822086348487	1
Subj-426	0	-0.872961647608696	59.8670537257084	0
Subj-427	0	0.313540467906941	61.2820787931186	1
Subj-428	0	-0.42311236246679	59.2215235543425	0
Subj-429	0	0.00633518487805262	62.5802944807699	1
Subj-430	0	-2.09594958141391	59.9493702025219	1
Subj-431	0	-1.53386700806648	60.7781460249679	1
Subj-432	1	-1.35984291200032	58.8326971174092	1
Subj-433	0	-2.38578594834127	58.59944331533	0
Subj-434	0	-0.842225072299022	58.1268054441991	0
Subj-435	0	-1.32899452038063	60.1334284628123	0
Subj-436	0	-1.82621309243693	59.1099894374031	1
Subj-437	0	-2.37209148869964	58.9733763410084	0
Subj-438	0	-0.642065964126967	60.5312508887795	1
Subj-439	0	-0.493807414197786	59.248192588864	0
Subj-440	0	-0.0141109180383263	59.3349304692641	0
Subj-441	0	0.19874992571282	60.6267202923305	0
Subj-442	0	-2.28880927266251	60.3665811917465	1
Subj-443	0	-3.47766161334945	59.9797270737308	0
Subj-444	0	-1.9118982971258	60.3845931894646	0
Subj-445	1	-1.02168651003843	58.80062476508	1
Subj-446	0	-1.9524016056088	59.5950115868983	0
Subj-447	0	-1.64051807042644	59.1016457685969	1
Subj-448	0	-1.02657289413378	60.511501807451	1
Subj-449	0	-0.74989657136896	60.8720719726224	1
Subj-450	0	-2.11987493444305	61.5840007153423	0
Subj-451	0	-2.19614476893081	59.929587992946	0
Subj-452	0	-1.85416608461394	61.3150070616913	0
Subj-453	0	-1.42410336025381	59.3437247082446	0
Subj-454	0	-2.56261455157023	60.6844483210002	0
Subj-455	0	-1.23991460493347	60.3189048783579	1
Subj-456	0	-0.0180629904723137	60.2652613474167	1
Subj-457	0	-0.0539164092682483	59.9727241134897	1
Subj-458	0	-1.43414076730783	60.8650366697754	0
Subj-459	0	-2.99847565895289	62.2453600651501	0
Subj-460	0	-1.94702401867331	60.5929406233602	1
Subj-461	0	-1.40510070498125	60.3842001713128	0
Subj-462	0	-0.966206406638051	60.487468889411	0
Subj-463	1	-0.186189673314551	59.0839240405976	1
Subj-464	0	-3.21232537895334	59.7580103405998	0
Subj-465	0	-1.03811837872143	60.6295147216251	1
Subj-466	0	-0.193370150851642	58.1335545241016	1
Subj-467	0	-3.34697191189257	61.2392650150933	0
Subj-468	0	-0.778187149620534	60.0377773679727	1
Subj-469	0	-1.60019026493363	59.3820039628815	1
Subj-470	0	-2.00055552144827	59.6704980811312	1
Subj-471	0	-0.758882850375322	60.5884329130638	1
Subj-472	0	-1.98777726580962	61.2424733548886	1
Subj-473	0	-2.51894721055333	58.9505790918426	0
Subj-474	0	-0.938196658766054	60.2981774539854	1
Subj-475	1	-0.249017366766833	57.7017153232795	0
Subj-476	0	-1.84716980055909	61.2119731685102	0
Subj-477	0	0.0932478386346838	60.6168952678661	0
Subj-478	1	-1.04956323746424	61.0296913872119	1
Subj-479	0	-2.16972947819981	58.5126837443432	1
Subj-480	0	-0.726081141070914	58.9390339936978	1
Subj-481	0	-0.911468232518573	59.1855037709907	1
Subj-482	0	-1.69853464209492	61.5145951922679	1
Subj-483	0	-1.19637530390537	61.2946831849233	0
Subj-484	0	-1.43089474125429	61.6268552118028	1
Subj-485	0	-0.210738559025242	61.2231086513245	0
Subj-486	0	-2.74316247739834	60.796597533557	0
Subj-487	0	-1.8085598492701	59.2154268435537	0
Subj-488	0	-0.942393368898696	59.4061046103318	0
Subj-489	0	-1.85568270314845	60.0278743909497	1
Subj-490	1	-0.849350567797588	62.2590011058611	1
Subj-491	0	-3.19688202423304	61.9234144356497	0
Subj-492	0	-0.56636974171511	60.3311505338784	1
Subj-493	0	-1.65274688952408	59.8515455432	1
Subj-494	0	-0.309624143419312	59.2649724715962	0
Subj-495	1	0.0820392635316671	61.0336264714501	1
Subj-496	1	-1.76347990268853	59.1500029844213	1
Subj-497	0	-2.91123427967788	58.5181016684841	0
Subj-498	0	-2.02838061401713	60.2846350820412	0
Subj-499	0	-1.55839329857961	60.1124865257966	0
Subj-500	0	-1.42016450615764	60.1669791864188	1
